{
    "camera_angle_x": 1.2234714422149477,
    "camera_angle_y": 0.9479280329535943,
    "fl_x": 912.3234340095024,
    "fl_y": 701.8052303741762,
    "k1": 0.05106615939970889,
    "k2": -0.06154441110986435,
    "k3": 0,
    "k4": 0,
    "p1": 0.004479274567244095,
    "p2": -0.0034970401591463075,
    "is_fisheye": false,
    "cx": 636.2852932320576,
    "cy": 359.5565767301901,
    "w": 1280.0,
    "h": 720.0,
    "aabb_scale": 16,
    "frames": [
        {
            "file_path": "images/0013.jpg",
            "sharpness": 191.75055744988708,
            "transform_matrix": [
                [
                    0.7256981835865175,
                    -0.17454050903665086,
                    0.6655056401625791,
                    1.9871713384937737
                ],
                [
                    0.6869326153274464,
                    0.2380026819215594,
                    -0.6866427785957363,
                    -3.045181380802167
                ],
                [
                    -0.03854514709017798,
                    0.955452947111772,
                    0.2926156823123257,
                    1.1611171578335715
                ],
                [
                    0.0,
                    0.0,
                    0.0,
                    1.0
                ]
            ]
        },
        {
            "file_path": "images/0009.jpg",
            "sharpness": 210.58445090870333,
            "transform_matrix": [
                [
                    0.553322544115626,
                    -0.2173465102602615,
                    0.8041110972339862,
                    2.617548130152848
                ],
                [
                    0.8317973362611549,
                    0.19531856780212112,
                    -0.5195804542712409,
                    -2.4824663204661754
                ],
                [
                    -0.044128829330238845,
                    0.9563530475673799,
                    0.28886241512943334,
                    1.1504006161627278
                ],
                [
                    0.0,
                    0.0,
                    0.0,
                    1.0
                ]
            ]
        },
        {
            "file_path": "images/0008.jpg",
            "sharpness": 205.53721339578505,
            "transform_matrix": [
                [
                    0.48559054446966426,
                    -0.23026111252884304,
                    0.8433158620720842,
                    2.8018902633894536
                ],
                [
                    0.8730348637398354,
                    0.1772346574291029,
                    -0.4543104697240525,
                    -2.240535554719594
                ],
                [
                    -0.044854763726712876,
                    0.9568530170853156,
                    0.2870894528010938,
                    1.143684344917567
                ],
                [
                    0.0,
                    0.0,
                    0.0,
                    1.0
                ]
            ]
        },
        {
            "file_path": "images/0006.jpg",
            "sharpness": 216.85644524240374,
            "transform_matrix": [
                [
                    0.398455328345353,
                    -0.24124069338394138,
                    0.8848933716626994,
                    2.967865951223302
                ],
                [
                    0.9158507065510099,
                    0.15672506365615438,
                    -0.36966841592449307,
                    -1.9439910921307073
                ],
                [
                    -0.04950590502297775,
                    0.957726569705689,
                    0.2833883961835976,
                    1.134713863467829
                ],
                [
                    0.0,
                    0.0,
                    0.0,
                    1.0
                ]
            ]
        },
        {
            "file_path": "images/0012.jpg",
            "sharpness": 201.03909679836687,
            "transform_matrix": [
                [
                    0.676019622481514,
                    -0.1891371199289269,
                    0.7121970372928338,
                    2.2051401921551053
                ],
                [
                    0.7357670455562365,
                    0.22643799231383155,
                    -0.6382575423059738,
                    -2.8921211087844196
                ],
                [
                    -0.04055027393178118,
                    0.9554857327785166,
                    0.2922373860145905,
                    1.160555628862895
                ],
                [
                    0.0,
                    0.0,
                    0.0,
                    1.0
                ]
            ]
        },
        {
            "file_path": "images/0007.jpg",
            "sharpness": 207.65204210065204,
            "transform_matrix": [
                [
                    0.4534211632822343,
                    -0.23322259137326606,
                    0.8602421005767343,
                    2.8539141233012613
                ],
                [
                    0.8899695794240303,
                    0.1711120963659664,
                    -0.4226994182361655,
                    -2.1360707688126572
                ],
                [
                    -0.04861477551893703,
                    0.9572501623884865,
                    0.28514685734256623,
                    1.1373502511456242
                ],
                [
                    0.0,
                    0.0,
                    0.0,
                    1.0
                ]
            ]
        },
        {
            "file_path": "images/0015.jpg",
            "sharpness": 208.05214598926975,
            "transform_matrix": [
                [
                    0.8004122503032797,
                    -0.14780458021999224,
                    0.5809423686340843,
                    1.623220029944326
                ],
                [
                    0.598225750799223,
                    0.258856540328316,
                    -0.7583661665779234,
                    -3.300670976199559
                ],
                [
                    -0.038290738770661525,
                    0.9545402545917115,
                    0.29561245192357777,
                    1.1739275251058596
                ],
                [
                    0.0,
                    0.0,
                    0.0,
                    1.0
                ]
            ]
        },
        {
            "file_path": "images/0016.jpg",
            "sharpness": 171.80044811864664,
            "transform_matrix": [
                [
                    0.8220206642753123,
                    -0.14095902295946258,
                    0.5517359707273366,
                    1.5079171318675628
                ],
                [
                    0.5683984059320482,
                    0.2621659816320129,
                    -0.7798668156864758,
                    -3.3563181726290625
                ],
                [
                    -0.034717137989750846,
                    0.9546724841336585,
                    0.295626738323434,
                    1.1720175921177785
                ],
                [
                    0.0,
                    0.0,
                    0.0,
                    1.0
                ]
            ]
        },
        {
            "file_path": "images/0010.jpg",
            "sharpness": 211.4303479367467,
            "transform_matrix": [
                [
                    0.594573935391457,
                    -0.20892844196940813,
                    0.7764217549329099,
                    2.5003781860929766
                ],
                [
                    0.8028760279540168,
                    0.20623690105989034,
                    -0.5593356991808478,
                    -2.629092475068821
                ],
                [
                    -0.043265680485120916,
                    0.9559368424845103,
                    0.2903667235011372,
                    1.1563650900086613
                ],
                [
                    0.0,
                    0.0,
                    0.0,
                    1.0
                ]
            ]
        },
        {
            "file_path": "images/0011.jpg",
            "sharpness": 205.4603991227846,
            "transform_matrix": [
                [
                    0.6478833128687533,
                    -0.19504645996865577,
                    0.7363450898890089,
                    2.298491160072932
                ],
                [
                    0.7605817505978926,
                    0.21891882105937355,
                    -0.6112200507538614,
                    -2.7970412781657186
                ],
                [
                    -0.04198349180995753,
                    0.9560499088861644,
                    0.2901826290081507,
                    1.1536809572432254
                ],
                [
                    0.0,
                    0.0,
                    0.0,
                    1.0
                ]
            ]
        },
        {
            "file_path": "images/0027.jpg",
            "sharpness": 108.26835148162722,
            "transform_matrix": [
                [
                    0.9998588523409773,
                    0.016792953014988454,
                    0.0005216973914231315,
                    -0.6981723135960765
                ],
                [
                    -0.00452064837909167,
                    0.2988079259975672,
                    -0.9543025658036338,
                    -3.7425379790656144
                ],
                [
                    -0.016181445465152933,
                    0.9541655098200044,
                    0.2988416649941426,
                    1.1738732795180036
                ],
                [
                    0.0,
                    0.0,
                    0.0,
                    1.0
                ]
            ]
        },
        {
            "file_path": "images/0030.jpg",
            "sharpness": 100.90084837508968,
            "transform_matrix": [
                [
                    0.9874073191578564,
                    0.05810302987316607,
                    -0.14714218986001448,
                    -1.2585626857846348
                ],
                [
                    -0.15777449917975167,
                    0.29362476850345465,
                    -0.9428105338454829,
                    -3.6346717449823513
                ],
                [
                    -0.011575557178021667,
                    0.9541533070115321,
                    0.2990944219454075,
                    1.1709043206314897
                ],
                [
                    0.0,
                    0.0,
                    0.0,
                    1.0
                ]
            ]
        },
        {
            "file_path": "images/0026.jpg",
            "sharpness": 110.10329280971477,
            "transform_matrix": [
                [
                    0.9977815278351665,
                    -0.0004810053566101091,
                    0.0665717011087713,
                    -0.4502733541589742
                ],
                [
                    0.06366059211539599,
                    0.29944953745638136,
                    -0.9519859786408674,
                    -3.77168406980843
                ],
                [
                    -0.019476954749562292,
                    0.9541120181566547,
                    0.2988158380785747,
                    1.1763129674163433
                ],
                [
                    0.0,
                    0.0,
                    0.0,
                    1.0
                ]
            ]
        },
        {
            "file_path": "images/0031.jpg",
            "sharpness": 101.75424304255608,
            "transform_matrix": [
                [
                    0.9760548264388337,
                    0.07192600509538405,
                    -0.20528912689235285,
                    -1.4582522127406348
                ],
                [
                    -0.21738306338167682,
                    0.2884829828322369,
                    -0.9324817276339235,
                    -3.5553279491896315
                ],
                [
                    -0.007847265824218741,
                    0.9547796701059227,
                    0.29721070306331676,
                    1.161712185100706
                ],
                [
                    0.0,
                    0.0,
                    0.0,
                    1.0
                ]
            ]
        },
        {
            "file_path": "images/0028.jpg",
            "sharpness": 110.04682723516765,
            "transform_matrix": [
                [
                    0.9987028271935791,
                    0.029569199714375327,
                    -0.04145268902678507,
                    -0.8725450705291882
                ],
                [
                    -0.04840118200205988,
                    0.2985031730387872,
                    -0.9531805606844451,
                    -3.727831723613029
                ],
                [
                    -0.0158110271572533,
                    0.9539504799275764,
                    0.29954714705712165,
                    1.176760689746601
                ],
                [
                    0.0,
                    0.0,
                    0.0,
                    1.0
                ]
            ]
        },
        {
            "file_path": "images/0035.jpg",
            "sharpness": 130.28203652863562,
            "transform_matrix": [
                [
                    0.909274749525008,
                    0.1277983404525554,
                    -0.39608965411577557,
                    -2.1965284786995385
                ],
                [
                    -0.41615731812780027,
                    0.26613892331103406,
                    -0.8694729208363273,
                    -3.195498608617203
                ],
                [
                    -0.005702322270306315,
                    0.9554253805072178,
                    0.2951776174564148,
                    1.1519395651169426
                ],
                [
                    0.0,
                    0.0,
                    0.0,
                    1.0
                ]
            ]
        },
        {
            "file_path": "images/0029.jpg",
            "sharpness": 106.93117184255621,
            "transform_matrix": [
                [
                    0.9929942123207499,
                    0.04723420764312197,
                    -0.10831169821200134,
                    -1.1159008094654528
                ],
                [
                    -0.11745140497258968,
                    0.29410157340044446,
                    -0.9485301429018907,
                    -3.658746311081642
                ],
                [
                    -0.012948428863764294,
                    0.9546063032433181,
                    0.2975888842715194,
                    1.1668425316421105
                ],
                [
                    0.0,
                    0.0,
                    0.0,
                    1.0
                ]
            ]
        },
        {
            "file_path": "images/0025.jpg",
            "sharpness": 111.91897635707029,
            "transform_matrix": [
                [
                    0.9933569988598256,
                    -0.012889848791414416,
                    0.11434913492494266,
                    -0.28258154110218714
                ],
                [
                    0.11291877688261298,
                    0.30057826179556846,
                    -0.9470491319690987,
                    -3.7863571759559616
                ],
                [
                    -0.022163544104444155,
                    0.9536700479589361,
                    0.3000370260194773,
                    1.1810582197565869
                ],
                [
                    0.0,
                    0.0,
                    0.0,
                    1.0
                ]
            ]
        },
        {
            "file_path": "images/0032.jpg",
            "sharpness": 107.14171820877917,
            "transform_matrix": [
                [
                    0.965718605832887,
                    0.08788674915847766,
                    -0.24426111789289598,
                    -1.646302691843958
                ],
                [
                    -0.25933021525479244,
                    0.2844434513982697,
                    -0.9229516576791419,
                    -3.4931651520258535
                ],
                [
                    -0.011636745407992921,
                    0.9546558763865944,
                    0.2974840228999438,
                    1.1644135348823392
                ],
                [
                    0.0,
                    0.0,
                    0.0,
                    1.0
                ]
            ]
        },
        {
            "file_path": "images/0033.jpg",
            "sharpness": 126.79073013638977,
            "transform_matrix": [
                [
                    0.9489032643347677,
                    0.10134252144137756,
                    -0.29885161590072473,
                    -1.8286929306246076
                ],
                [
                    -0.31543807173007443,
                    0.2775311474078871,
                    -0.9074553901552451,
                    -3.3950048807667907
                ],
                [
                    -0.00902318546827241,
                    0.9553565594096337,
                    0.29531750127764944,
                    1.1573139171613196
                ],
                [
                    0.0,
                    0.0,
                    0.0,
                    1.0
                ]
            ]
        },
        {
            "file_path": "images/0036.jpg",
            "sharpness": 131.16971726310518,
            "transform_matrix": [
                [
                    0.8914783415817478,
                    0.13810641424208014,
                    -0.43150085153983025,
                    -2.322629120278711
                ],
                [
                    -0.45302920248178163,
                    0.26004021785175035,
                    -0.8527271702006852,
                    -3.1137124047974654
                ],
                [
                    -0.005559516365579498,
                    0.9556702901555031,
                    0.2943864608567432,
                    1.148322618968417
                ],
                [
                    0.0,
                    0.0,
                    0.0,
                    1.0
                ]
            ]
        },
        {
            "file_path": "images/0037.jpg",
            "sharpness": 133.14188257649627,
            "transform_matrix": [
                [
                    0.8667367033436405,
                    0.14947554701137128,
                    -0.4758408851353544,
                    -2.4757734561826332
                ],
                [
                    -0.49875448569946523,
                    0.2532744852818654,
                    -0.8289125394756685,
                    -2.999704216065242
                ],
                [
                    -0.0033838000039861094,
                    0.9557766977658081,
                    0.2940738919885643,
                    1.1441221703709612
                ],
                [
                    0.0,
                    0.0,
                    0.0,
                    1.0
                ]
            ]
        },
        {
            "file_path": "images/0034.jpg",
            "sharpness": 132.44305879922447,
            "transform_matrix": [
                [
                    0.931902687545355,
                    0.11257424529371407,
                    -0.34479620108992537,
                    -1.9960445148073054
                ],
                [
                    -0.3626604297448116,
                    0.27373794703528054,
                    -0.8908113992593231,
                    -3.3124463908432578
                ],
                [
                    -0.005898616738735846,
                    0.9551934755274514,
                    0.295923352701742,
                    1.1537997204724362
                ],
                [
                    0.0,
                    0.0,
                    0.0,
                    1.0
                ]
            ]
        },
        {
            "file_path": "images/0038.jpg",
            "sharpness": 127.46557256933026,
            "transform_matrix": [
                [
                    0.8413135545156255,
                    0.1607155837705817,
                    -0.5161027069928164,
                    -2.6247943028647747
                ],
                [
                    -0.5405426766698356,
                    0.2461413719042374,
                    -0.8045048413377283,
                    -2.878539133776859
                ],
                [
                    -0.0022622368791498093,
                    0.9558163663653185,
                    0.29395570434401186,
                    1.1419327339178142
                ],
                [
                    0.0,
                    0.0,
                    0.0,
                    1.0
                ]
            ]
        },
        {
            "file_path": "images/0044.jpg",
            "sharpness": 150.6399847058708,
            "transform_matrix": [
                [
                    0.6320875681377696,
                    0.22604463768569497,
                    -0.7411943928707039,
                    -3.4137426025579987
                ],
                [
                    -0.7748927298008574,
                    0.18754717339780577,
                    -0.6036284577887311,
                    -2.002030344829373
                ],
                [
                    0.0025619372835747334,
                    0.9558921903471005,
                    0.2937065830972458,
                    1.1303625403179454
                ],
                [
                    0.0,
                    0.0,
                    0.0,
                    1.0
                ]
            ]
        },
        {
            "file_path": "images/0041.jpg",
            "sharpness": 131.97504420631194,
            "transform_matrix": [
                [
                    0.7421277042097959,
                    0.1981609624361217,
                    -0.640295793875327,
                    -3.068681704988628
                ],
                [
                    -0.6702585006279596,
                    0.21924646495519814,
                    -0.7090024893755605,
                    -2.4535215423295598
                ],
                [
                    -0.00011402633141954777,
                    0.9553340884805811,
                    0.2955279452587434,
                    1.1397767979565385
                ],
                [
                    0.0,
                    0.0,
                    0.0,
                    1.0
                ]
            ]
        },
        {
            "file_path": "images/0043.jpg",
            "sharpness": 132.56657620297534,
            "transform_matrix": [
                [
                    0.6610845807510076,
                    0.2193226982391207,
                    -0.7175407522741298,
                    -3.3468335543688563
                ],
                [
                    -0.75031073532085,
                    0.19450093625936796,
                    -0.6318252814320178,
                    -2.12399119240197
                ],
                [
                    0.0009887225822075019,
                    0.956068480744851,
                    0.2931417448910502,
                    1.1312289898944519
                ],
                [
                    0.0,
                    0.0,
                    0.0,
                    1.0
                ]
            ]
        },
        {
            "file_path": "images/0039.jpg",
            "sharpness": 156.42392237430045,
            "transform_matrix": [
                [
                    0.803702541651311,
                    0.17765833446413293,
                    -0.5678906063516109,
                    -2.8273667375544824
                ],
                [
                    -0.5950228555960672,
                    0.2348792319418203,
                    -0.768621849624935,
                    -2.716273732210909
                ],
                [
                    -0.0031663681902663887,
                    0.9556512243698101,
                    0.29448380518603845,
                    1.1441564296674442
                ],
                [
                    0.0,
                    0.0,
                    0.0,
                    1.0
                ]
            ]
        },
        {
            "file_path": "images/0040.jpg",
            "sharpness": 135.59048230988185,
            "transform_matrix": [
                [
                    0.780201783086946,
                    0.1870891569851168,
                    -0.5968943164834926,
                    -2.9316600872054344
                ],
                [
                    -0.6255259528051269,
                    0.23095719503486298,
                    -0.7452355710974881,
                    -2.636134865560726
                ],
                [
                    -0.001568457684671981,
                    0.9548070074323811,
                    0.29722233856558317,
                    1.1470009611617886
                ],
                [
                    0.0,
                    0.0,
                    0.0,
                    1.0
                ]
            ]
        },
        {
            "file_path": "images/0042.jpg",
            "sharpness": 133.98822710017333,
            "transform_matrix": [
                [
                    0.7058660691427996,
                    0.20894804464103012,
                    -0.6768262754336078,
                    -3.2040513098355015
                ],
                [
                    -0.7083453105931662,
                    0.20806048632217164,
                    -0.674505563351545,
                    -2.2996340721173825
                ],
                [
                    -0.00011581453946138409,
                    0.9555373089075403,
                    0.29487020520325613,
                    1.1345276979467518
                ],
                [
                    0.0,
                    0.0,
                    0.0,
                    1.0
                ]
            ]
        },
        {
            "file_path": "images/0047.jpg",
            "sharpness": 146.2496473296825,
            "transform_matrix": [
                [
                    0.48302358153250635,
                    0.24966707477333858,
                    -0.8392583461017121,
                    -3.7178687072076917
                ],
                [
                    -0.8755974416964838,
                    0.14228405532987481,
                    -0.4616106234626658,
                    -1.3924882844151736
                ],
                [
                    0.004164106908574411,
                    0.9578212773874721,
                    0.2873344059477856,
                    1.1030995915597426
                ],
                [
                    0.0,
                    0.0,
                    0.0,
                    1.0
                ]
            ]
        },
        {
            "file_path": "images/0045.jpg",
            "sharpness": 134.89676474394508,
            "transform_matrix": [
                [
                    0.5732220323497261,
                    0.23733862344049952,
                    -0.7842747474552305,
                    -3.5885977625079515
                ],
                [
                    -0.8193932702972819,
                    0.1699359303768456,
                    -0.5474636500797243,
                    -1.772983741870299
                ],
                [
                    0.003342189786237154,
                    0.9564476762652157,
                    0.29188469020862334,
                    1.1213916688189822
                ],
                [
                    0.0,
                    0.0,
                    0.0,
                    1.0
                ]
            ]
        },
        {
            "file_path": "images/0046.jpg",
            "sharpness": 139.17369642591,
            "transform_matrix": [
                [
                    0.5383766658855489,
                    0.2431469903502169,
                    -0.8068643670142706,
                    -3.633885798964744
                ],
                [
                    -0.8427004999969573,
                    0.15821982452729233,
                    -0.5146089334937403,
                    -1.6168178402507367
                ],
                [
                    0.0025363251799847275,
                    0.9569984473619325,
                    0.2900819519468836,
                    1.1163131466214942
                ],
                [
                    0.0,
                    0.0,
                    0.0,
                    1.0
                ]
            ]
        },
        {
            "file_path": "images/0048.jpg",
            "sharpness": 153.9453720513791,
            "transform_matrix": [
                [
                    0.44731989402663,
                    0.25410951272723414,
                    -0.8575157537872292,
                    -3.763986484125035
                ],
                [
                    -0.8943588699318503,
                    0.1326735409476083,
                    -0.4272235285032657,
                    -1.2475858115361191
                ],
                [
                    0.005208088819734613,
                    0.958032404001669,
                    0.28661261091848445,
                    1.100971060110119
                ],
                [
                    0.0,
                    0.0,
                    0.0,
                    1.0
                ]
            ]
        },
        {
            "file_path": "images/0050.jpg",
            "sharpness": 167.01235855034724,
            "transform_matrix": [
                [
                    0.34584981083823646,
                    0.2629616673825421,
                    -0.9006881091000906,
                    -3.8519405100910693
                ],
                [
                    -0.9382767926864257,
                    0.10199621164198983,
                    -0.3305048155729192,
                    -0.8342323671544007
                ],
                [
                    0.00495667761818204,
                    0.9593997781642556,
                    0.28200620037376534,
                    1.085132891230298
                ],
                [
                    0.0,
                    0.0,
                    0.0,
                    1.0
                ]
            ]
        },
        {
            "file_path": "images/0049.jpg",
            "sharpness": 160.38701357783086,
            "transform_matrix": [
                [
                    0.37789403486695494,
                    0.26049840875500113,
                    -0.8884462153061556,
                    -3.8430994045082825
                ],
                [
                    -0.9258229745438078,
                    0.11349659657695754,
                    -0.3605139974708832,
                    -0.9701635134418953
                ],
                [
                    0.006922299003857865,
                    0.9587800069072216,
                    0.28406509848161765,
                    1.0907865975219087
                ],
                [
                    0.0,
                    0.0,
                    0.0,
                    1.0
                ]
            ]
        },
        {
            "file_path": "images/0054.jpg",
            "sharpness": 193.49891865026675,
            "transform_matrix": [
                [
                    0.12243957319292073,
                    0.27124018739783984,
                    -0.9546922602076903,
                    -3.949454986994168
                ],
                [
                    -0.9924680535952873,
                    0.03730406055538355,
                    -0.11668577316449391,
                    0.06251179345784733
                ],
                [
                    0.003964026906744512,
                    0.9617885255347586,
                    0.2737647140963193,
                    1.0549578343451929
                ],
                [
                    0.0,
                    0.0,
                    0.0,
                    1.0
                ]
            ]
        },
        {
            "file_path": "images/0051.jpg",
            "sharpness": 176.69666121080058,
            "transform_matrix": [
                [
                    0.27912486706807726,
                    0.2667496593856896,
                    -0.9224608001674623,
                    -3.9142245074166904
                ],
                [
                    -0.960232633264017,
                    0.0840658335740013,
                    -0.26624467251100853,
                    -0.5816189719970942
                ],
                [
                    0.006526760399851887,
                    0.9600924720498534,
                    0.27960659247551056,
                    1.0723521946707923
                ],
                [
                    0.0,
                    0.0,
                    0.0,
                    1.0
                ]
            ]
        },
        {
            "file_path": "images/0053.jpg",
            "sharpness": 189.0281610514312,
            "transform_matrix": [
                [
                    0.16326938890689463,
                    0.27134970864911234,
                    -0.9485317297306188,
                    -3.9409788406505863
                ],
                [
                    -0.9865697997409509,
                    0.04959260135337276,
                    -0.15562970195383585,
                    -0.10084073281213826
                ],
                [
                    0.004810081661234155,
                    0.9612023249820388,
                    0.2758023814389885,
                    1.0605077016171116
                ],
                [
                    0.0,
                    0.0,
                    0.0,
                    1.0
                ]
            ]
        },
        {
            "file_path": "images/0052.jpg",
            "sharpness": 185.63751289416652,
            "transform_matrix": [
                [
                    0.23829794781411925,
                    0.26784028405042737,
                    -0.9335286124972889,
                    -3.9171771831077704
                ],
                [
                    -0.9711745038737724,
                    0.07150340531051855,
                    -0.22739249339999112,
                    -0.40601183163074195
                ],
                [
                    0.005845604725171066,
                    0.9608063516195795,
                    0.27715876972730213,
                    1.0648682994493432
                ],
                [
                    0.0,
                    0.0,
                    0.0,
                    1.0
                ]
            ]
        },
        {
            "file_path": "images/0055.jpg",
            "sharpness": 207.04185666818512,
            "transform_matrix": [
                [
                    0.050319961194608104,
                    0.27197411126419985,
                    -0.9609880250820869,
                    -3.94921197837709
                ],
                [
                    -0.9987303080772123,
                    0.015997792212221765,
                    -0.047768633772220195,
                    0.3513493844679671
                ],
                [
                    0.0023818550271919297,
                    0.9621715821464825,
                    0.272433796215239,
                    1.054002982059828
                ],
                [
                    0.0,
                    0.0,
                    0.0,
                    1.0
                ]
            ]
        },
        {
            "file_path": "images/0056.jpg",
            "sharpness": 214.08286436360677,
            "transform_matrix": [
                [
                    0.009445804654067004,
                    0.2719984281711632,
                    -0.962251335094216,
                    -3.940813212603004
                ],
                [
                    -0.9999502348538942,
                    0.0056585212850924875,
                    -0.008216383184903898,
                    0.4964150464066538
                ],
                [
                    0.0032100763496934574,
                    0.9622810588664624,
                    0.2720383414163349,
                    1.0541105632124688
                ],
                [
                    0.0,
                    0.0,
                    0.0,
                    1.0
                ]
            ]
        },
        {
            "file_path": "images/0064.jpg",
            "sharpness": 182.41817259882706,
            "transform_matrix": [
                [
                    -0.42076166563079787,
                    0.23599063558207473,
                    -0.8759383772257684,
                    -3.382967315191371
                ],
                [
                    -0.9071592552981057,
                    -0.11441401180272052,
                    0.4049339692225467,
                    2.126962893224992
                ],
                [
                    -0.004658999064763816,
                    0.9649962973317288,
                    0.2622221194095763,
                    1.0137758748650485
                ],
                [
                    0.0,
                    0.0,
                    0.0,
                    1.0
                ]
            ]
